96 384 3 2 55 48;
96 384 3 2 52 48;
96 384 3 2 48 48;
384 576 3 2 55 48;
384 576 3 2 52 48;
384 576 3 2 48 48;
672 768 3 2 57 48;
768 912 3 2 55 48;
912 960 3 2 53 48;
960 1056 3 2 53 48;
1056 1152 3 2 52 48;
1248 1536 3 2 50 48;
1248 1536 3 2 47 48;
1248 1536 3 2 43 48;
1536 1728 3 2 55 48;
1536 1728 3 2 47 48;
1824 2016 3 2 55 48;
1824 2016 3 2 53 48;
1824 2016 3 2 50 48;
2016 2112 3 2 53 48;
2112 2304 3 2 55 48;
2112 2304 3 2 52 48;
2112 2304 3 2 48 48;
2400 2688 3 2 57 48;
2400 2688 3 2 53 48;
2688 2976 3 2 52 48;
2688 2976 3 2 48 48;
2976 3072 3 2 57 48;
3072 3168 3 2 52 48;
3168 3264 3 2 53 48;
3264 3456 3 2 55 48;
3264 3456 3 2 52 48;
3264 3456 3 2 48 48;
3552 3840 3 2 57 48;
3552 3840 3 2 53 48;
3840 4032 3 2 52 48;
3840 4032 3 2 48 48;
4128 4224 3 2 57 48;
4224 4320 3 2 55 48;
4320 4416 3 2 53 48;
4416 4704 3 2 55 48;
4416 4704 3 2 52 48;
4416 4704 3 2 48 48;
