0 48 2 1 64 64;
48 96 2 1 64 64;
96 240 2 1 67 64;
240 288 2 1 64 64;
288 384 2 1 64 64;
384 576 2 1 67 64;
576 624 2 1 64 64;
624 672 2 1 67 64;
672 768 2 1 72 64;
768 912 2 1 71 64;
912 960 2 1 69 64;
960 1056 2 1 69 64;
1056 1152 2 1 67 64;
1152 1200 2 1 62 64;
1200 1248 2 1 64 64;
1248 1344 2 1 65 64;
1344 1440 2 1 62 64;
1440 1488 2 1 62 64;
1488 1536 2 1 64 64;
1536 1728 2 1 65 64;
1728 1776 2 1 62 64;
1776 1824 2 1 65 64;
1824 1872 2 1 71 64;
1872 1920 2 1 69 64;
1920 2016 2 1 67 64;
2016 2112 2 1 71 64;
2112 2304 2 1 72 64;
2304 2352 2 1 60 64;
2352 2400 2 1 60 64;
2400 2592 2 1 72 64;
2592 2640 2 1 69 64;
2640 2688 2 1 65 64;
2688 2880 2 1 67 64;
2880 2928 2 1 64 64;
2928 2976 2 1 60 64;
2976 3072 2 1 65 64;
3072 3168 2 1 67 64;
3168 3264 2 1 69 64;
3264 3312 2 1 64 64;
3312 3456 2 1 67 64;
3456 3504 2 1 60 64;
3504 3552 2 1 60 64;
3552 3744 2 1 72 64;
3744 3792 2 1 69 64;
3792 3840 2 1 65 64;
3840 4032 2 1 67 64;
4032 4080 2 1 64 64;
4080 4128 2 1 60 64;
4128 4176 2 1 65 64;
4176 4200 2 1 67 64;
4200 4224 2 1 65 64;
4224 4320 2 1 64 64;
4320 4416 2 1 62 64;
4416 4704 2 1 60 64;